Sample	raw_total_sequences	filtered_sequences	sequences	is_sorted	1st_fragments	last_fragments	reads_mapped	reads_mapped_and_paired	reads_unmapped	reads_properly_paired	reads_paired	reads_duplicated	reads_MQ0	reads_QC_failed	non-primary_alignments	supplementary_alignments	total_length	total_first_fragment_length	total_last_fragment_length	bases_mapped	bases_mapped_(cigar)	bases_trimmed	bases_duplicated	mismatches	error_rate	average_length	average_first_fragment_length	average_last_fragment_length	maximum_length	maximum_first_fragment_length	maximum_last_fragment_length	average_quality	insert_size_average	insert_size_standard_deviation	inward_oriented_pairs	outward_oriented_pairs	pairs_with_other_orientation	pairs_on_different_chromosomes	percentage_of_properly_paired_reads_(%)	reads_mapped_percent	reads_mapped_and_paired_percent	reads_unmapped_percent	reads_properly_paired_percent	reads_paired_percent	reads_duplicated_percent	reads_MQ0_percent	reads_QC_failed_percent
REF0009-mgg-pbdrep | M301570.lib1	41970826.0	0.0	41970826.0	1.0	20985413.0	20985413.0	35733445.0	35261436.0	6237381.0	31003698.0	41970826.0	0.0	731238.0	0.0	0.0	0.0	6256910746.0	3128477443.0	3128433303.0	5328430256.0	5328430256.0	0.0	0.0	36735130.0	0.006894174	149.0	149.0	149.0	150.0	150.0	150.0	39.1	290.9	111.9	16654713.0	431900.0	15718.0	528387.0	73.9	85.13876996368859	84.01415783430139	14.861230036311412	73.86963983029545	100.0	0.0	1.7422530593036218	0.0
REF0009-mgg-pbdrep | M301571.lib1	36465582.0	0.0	36465582.0	1.0	18232791.0	18232791.0	30656873.0	30251338.0	5808709.0	26987680.0	36465582.0	0.0	657847.0	0.0	0.0	0.0	5438454001.0	2719242801.0	2719211200.0	4573207754.0	4573207754.0	0.0	0.0	32031438.0	0.007004152	149.0	149.0	149.0	150.0	150.0	150.0	39.1	287.8	108.8	14361891.0	357626.0	11943.0	394209.0	74.0	84.07070809948955	82.95860463710684	15.929291900510458	74.00863641775963	100.0	0.0	1.8040216662385917	0.0
REF0009-mgg-pbdrep | M301572.lib1	46028280.0	0.0	46028280.0	1.0	23014140.0	23014140.0	39158196.0	38646612.0	6870084.0	33243532.0	46028280.0	0.0	790939.0	0.0	0.0	0.0	6857743101.0	3428900990.0	3428842111.0	5835656573.0	5835656573.0	0.0	0.0	40943569.0	0.007016103	149.0	149.0	149.0	150.0	150.0	150.0	39.0	286.9	118.8	18148245.0	521910.0	17914.0	635237.0	72.2	85.07421089816955	83.96275507144738	14.92578910183044	72.22414567739659	100.0	0.0	1.7183761809044351	0.0
REF0009-mgg-pbdrep | M301573.lib1	43822918.0	0.0	43822918.0	1.0	21911459.0	21911459.0	37108201.0	36646010.0	6714717.0	32614354.0	43822918.0	0.0	737723.0	0.0	0.0	0.0	6523326608.0	3261674074.0	3261652534.0	5525944196.0	5525944196.0	0.0	0.0	37931497.0	0.006864256	149.0	149.0	149.0	150.0	150.0	150.0	39.1	284.2	110.9	17305531.0	527949.0	14865.0	474660.0	74.4	84.6776132068613	83.62293446547763	15.322386793138696	74.42305416540268	100.0	0.0	1.6834182516098084	0.0
REF0009-mgg-pbdrep | M301574.lib1	2236324.0	0.0	2236324.0	1.0	1118162.0	1118162.0	42324.0	41480.0	2194000.0	37190.0	2236324.0	0.0	1445.0	0.0	0.0	0.0	331527724.0	165763410.0	165764314.0	6317942.0	6317942.0	0.0	0.0	54316.0	0.008597103	148.0	148.0	148.0	150.0	150.0	150.0	38.8	281.7	108.1	19743.0	467.0	16.0	514.0	1.7	1.8925701284787	1.8548296221835476	98.1074298715213	1.6629969539297524	100.0	0.0	0.06461496634655801	0.0
REF0009-mgg-pbdrep | M301575.lib1	2087740.0	0.0	2087740.0	1.0	1043870.0	1043870.0	73495.0	71976.0	2014245.0	62318.0	2087740.0	0.0	1941.0	0.0	0.0	0.0	307315532.0	153655715.0	153659817.0	10967159.0	10967159.0	0.0	0.0	87042.0	0.007936604	147.0	147.0	147.0	150.0	150.0	150.0	38.9	291.3	117.7	34072.0	731.0	82.0	1103.0	3.0	3.5203138321821683	3.447555730119651	96.47968616781783	2.9849502332665945	100.0	0.0	0.09297134700681119	0.0
REF0009-mgg-pbdrep | M301576.lib1	46187668.0	0.0	46187668.0	1.0	23093834.0	23093834.0	38120682.0	37669140.0	8066986.0	34724940.0	46187668.0	0.0	773434.0	0.0	0.0	0.0	6887935186.0	3443991880.0	3443943306.0	5687365327.0	5687365327.0	0.0	0.0	38148780.0	0.006707637	149.0	149.0	149.0	150.0	150.0	150.0	39.1	276.3	100.1	17984866.0	457353.0	11044.0	381307.0	75.2	82.53432929326503	81.55670470308222	17.46567070673497	75.18227592698553	100.0	0.0	1.6745465477928003	0.0
REF0009-mgg-pbdrep | M301577.lib1	44784584.0	0.0	44784584.0	1.0	22392292.0	22392292.0	38219138.0	37721040.0	6565446.0	33521470.0	44784584.0	0.0	805504.0	0.0	0.0	0.0	6676746468.0	3338395265.0	3338351203.0	5698848020.0	5698848020.0	0.0	0.0	40113752.0	0.007038923	149.0	149.0	149.0	150.0	150.0	150.0	39.1	282.7	109.8	17812451.0	490594.0	15481.0	541994.0	74.9	85.33994197646226	84.22773336467745	14.660058023537742	74.85046640156354	100.0	0.0	1.79861891761683	0.0
REF0009-mgg-pbdrep | M301578.lib1	47798982.0	0.0	47798982.0	1.0	23899491.0	23899491.0	38503618.0	37976902.0	9295364.0	33024872.0	47798982.0	0.0	771911.0	0.0	0.0	0.0	7142889994.0	3571481931.0	3571408063.0	5755552940.0	5755552940.0	0.0	0.0	39738920.0	0.006904449	149.0	149.0	149.0	150.0	150.0	150.0	39.1	299.0	110.6	18050869.0	303502.0	18294.0	615786.0	69.1	80.55321763965601	79.45127785357438	19.44678236034399	69.09116181595667	100.0	0.0	1.6149109619112807	0.0
REF0009-mgg-pbdrep | M301579.lib1	47378414.0	0.0	47378414.0	1.0	23689207.0	23689207.0	39788140.0	39283672.0	7590274.0	36409750.0	47378414.0	0.0	856350.0	0.0	0.0	0.0	7073351323.0	3536703616.0	3536647707.0	5941040712.0	5941040712.0	0.0	0.0	39951998.0	0.006724748	149.0	149.0	149.0	150.0	150.0	150.0	39.2	276.0	98.8	18850792.0	428884.0	12167.0	349993.0	76.8	83.97946794926483	82.91470457411259	16.020532050735174	76.8488155808677	100.0	0.0	1.807468692388057	0.0
REF0009-mgg-pbdrep | M301580.lib1	47056778.0	0.0	47056778.0	1.0	23528389.0	23528389.0	40085405.0	39567132.0	6971373.0	34440228.0	47056778.0	0.0	814936.0	0.0	0.0	0.0	7027030439.0	3513548707.0	3513481732.0	5987302957.0	5987302957.0	0.0	0.0	41546123.0	0.006939038	149.0	149.0	149.0	150.0	150.0	150.0	39.0	288.4	114.1	18762223.0	398386.0	18919.0	604038.0	73.2	85.1851884121773	84.08381041302913	14.814811587822692	73.18866582833189	100.0	0.0	1.7318142776371133	0.0
REF0009-mgg-pbdrep | M301581.lib1	1673648.0	0.0	1673648.0	1.0	836824.0	836824.0	100799.0	99048.0	1572849.0	86216.0	1673648.0	0.0	2671.0	0.0	0.0	0.0	248021353.0	124011221.0	124010132.0	15068108.0	15068108.0	0.0	0.0	119490.0	0.007929994	148.0	148.0	148.0	150.0	150.0	150.0	38.9	296.7	110.9	47098.0	793.0	69.0	1564.0	5.2	6.022712063707542	5.91809030333738	93.97728793629246	5.151381891532748	100.0	0.0	0.15959150311176543	0.0
REF0009-mgg-pbdrep | M301582.lib1	46863704.0	0.0	46863704.0	1.0	23431852.0	23431852.0	39733985.0	39206010.0	7129719.0	34728778.0	46863704.0	0.0	832428.0	0.0	0.0	0.0	7001146204.0	3500610971.0	3500535233.0	5936809658.0	5936809658.0	0.0	0.0	41894546.0	0.007056744	149.0	149.0	149.0	150.0	150.0	150.0	39.1	286.7	109.3	18668138.0	375927.0	17445.0	541495.0	74.1	84.78626657423408	83.65964841362091	15.213733425765918	74.10591787623105	100.0	0.0	1.7762744489850824	0.0
REF0009-mgg-pbdrep | M301583.lib1	36462660.0	0.0	36462660.0	1.0	18231330.0	18231330.0	30521774.0	30088130.0	5940886.0	25715792.0	36462660.0	0.0	655461.0	0.0	0.0	0.0	5444526884.0	2722296132.0	2722230752.0	4558599656.0	4558599656.0	0.0	0.0	32634057.0	0.00715879	149.0	149.0	149.0	150.0	150.0	150.0	39.0	292.3	118.9	14214330.0	306185.0	14917.0	508633.0	70.5	83.70693196821077	82.51764956259362	16.293068031789232	70.52637410435771	100.0	0.0	1.7976225541416888	0.0
REF0009-mgg-pbdrep | M301584.lib1	45780766.0	0.0	45780766.0	1.0	22890383.0	22890383.0	38911255.0	38419234.0	6869511.0	34809164.0	45780766.0	0.0	786448.0	0.0	0.0	0.0	6829773595.0	3414918037.0	3414855558.0	5805757723.0	5805757723.0	0.0	0.0	39201934.0	0.006752251	149.0	149.0	149.0	150.0	150.0	150.0	39.1	279.1	105.5	18285493.0	469702.0	17944.0	436478.0	76.0	84.99476614261981	83.9200331423026	15.005233857380192	76.03447264294354	100.0	0.0	1.7178567960177864	0.0
REF0009-mgg-pbdrep | M301585.lib1	2711050.0	0.0	2711050.0	1.0	1355525.0	1355525.0	9192.0	8510.0	2701858.0	7670.0	2711050.0	0.0	1039.0	0.0	0.0	0.0	402948580.0	201474095.0	201474485.0	1369373.0	1369373.0	0.0	0.0	21448.0	0.01566264	149.0	149.0	149.0	150.0	150.0	150.0	38.8	279.5	107.0	3987.0	140.0	6.0	122.0	0.3	0.33905682300215784	0.31390051824938675	99.66094317699785	0.28291621327529926	100.0	0.0	0.038324634366758266	0.0
REF0009-mgg-pbdrep | M301586.lib1	540500.0	0.0	540500.0	1.0	270250.0	270250.0	31221.0	30772.0	509279.0	28706.0	540500.0	0.0	983.0	0.0	0.0	0.0	79652158.0	39825196.0	39826962.0	4658097.0	4658097.0	0.0	0.0	36768.0	0.007893352	147.0	147.0	147.0	150.0	150.0	150.0	39.0	273.1	95.5	14716.0	368.0	9.0	293.0	5.3	5.77631822386679	5.6932469935245145	94.2236817761332	5.311008325624422	100.0	0.0	0.1818686401480111	0.0
REF0009-mgg-pbdrep | M301587.lib1	43975378.0	0.0	43975378.0	1.0	21987689.0	21987689.0	37399284.0	36934956.0	6576094.0	34098188.0	43975378.0	0.0	761695.0	0.0	0.0	0.0	6569506874.0	3284781694.0	3284725180.0	5587741528.0	5587741528.0	0.0	0.0	37620460.0	0.006732677	149.0	149.0	149.0	150.0	150.0	150.0	39.2	276.8	98.8	17736406.0	360550.0	14146.0	356376.0	77.5	85.04596367540036	83.99008190446936	14.954036324599643	77.53927208994088	100.0	0.0	1.7320942642039372	0.0
REF0009-mgg-pbdrep | M301588.lib1	51068838.0	0.0	51068838.0	1.0	25534419.0	25534419.0	43442448.0	42927006.0	7626390.0	39615590.0	51068838.0	0.0	857572.0	0.0	0.0	0.0	7613047673.0	3806546698.0	3806500975.0	6477351643.0	6477351643.0	0.0	0.0	42309701.0	0.006531944	149.0	149.0	149.0	150.0	150.0	150.0	39.2	273.6	101.2	20455876.0	586976.0	14416.0	406235.0	77.6	85.06645089516233	84.05714263559317	14.93354910483767	77.57292225838387	100.0	0.0	1.6792471369722568	0.0
REF0009-mgg-pbdrep | M301589.lib1	51437248.0	0.0	51437248.0	1.0	25718624.0	25718624.0	44071198.0	43482334.0	7366050.0	37764378.0	51437248.0	0.0	875036.0	0.0	0.0	0.0	7689298186.0	3844690157.0	3844608029.0	6588812972.0	6588812972.0	0.0	0.0	45738193.0	0.006941796	149.0	149.0	149.0	150.0	150.0	150.0	39.1	297.0	111.3	20684500.0	342631.0	21734.0	692302.0	73.4	85.67954102054604	84.5347208310989	14.320458979453953	73.41834850884713	100.0	0.0	1.701171882290437	0.0
REF0009-mgg-pbdrep | M301590.lib1	702448.0	0.0	702448.0	1.0	351224.0	351224.0	165202.0	162758.0	537246.0	139866.0	702448.0	0.0	3620.0	0.0	0.0	0.0	103835111.0	51917754.0	51917357.0	24707636.0	24707636.0	0.0	0.0	182959.0	0.007404958	148.0	148.0	148.0	150.0	150.0	150.0	39.0	300.1	114.3	77442.0	1159.0	88.0	2690.0	19.9	23.518039769491832	23.170113659658792	76.48196023050816	19.91122474546159	100.0	0.0	0.5153406373140788	0.0
REF0009-mgg-pbdrep | M301591.lib1	46823808.0	0.0	46823808.0	1.0	23411904.0	23411904.0	39363537.0	38795758.0	7460271.0	34605374.0	46823808.0	0.0	745767.0	0.0	0.0	0.0	6994193804.0	3497143411.0	3497050393.0	5882001056.0	5882001056.0	0.0	0.0	38726436.0	0.006583888	149.0	149.0	149.0	150.0	150.0	150.0	39.1	296.2	107.2	18576178.0	316403.0	32984.0	472314.0	73.9	84.06735522236893	82.85476909524317	15.932644777631072	73.90550977827348	100.0	0.0	1.5927089911183645	0.0
REF0009-mgg-pbdrep | M301592.lib1	2548872.0	0.0	2548872.0	1.0	1274436.0	1274436.0	47743.0	46212.0	2501129.0	43344.0	2548872.0	0.0	1757.0	0.0	0.0	0.0	375349806.0	187672154.0	187677652.0	7071027.0	7071027.0	0.0	0.0	66589.0	0.009417161	147.0	147.0	147.0	150.0	150.0	150.0	38.9	251.2	97.8	21532.0	1162.0	102.0	310.0	1.7	1.873103082461575	1.8130372964982155	98.12689691753842	1.7005169345498714	100.0	0.0	0.0689324532577548	0.0
REF0009-mgg-pbdrep | M301593.lib1	43583916.0	0.0	43583916.0	1.0	21791958.0	21791958.0	37288191.0	36836350.0	6295725.0	33819022.0	43583916.0	0.0	723356.0	0.0	0.0	0.0	6504725002.0	3252393092.0	3252331910.0	5565794860.0	5565794860.0	0.0	0.0	36643506.0	0.006583697	149.0	149.0	149.0	150.0	150.0	150.0	39.2	279.6	101.2	17613362.0	415004.0	14116.0	375693.0	77.6	85.55493499023814	84.51821997821398	14.445065009761858	77.59518901422258	100.0	0.0	1.6596856510094227	0.0
REF0009-mgg-pbdrep | M301594.lib1	56717224.0	0.0	56717224.0	1.0	28358612.0	28358612.0	48944914.0	48356200.0	7772310.0	45327448.0	56717224.0	0.0	1021611.0	0.0	0.0	0.0	8470077542.0	4235065739.0	4235011803.0	7310340509.0	7310340509.0	0.0	0.0	49853878.0	0.006819638	149.0	149.0	149.0	150.0	150.0	150.0	39.2	274.2	93.7	23238239.0	497397.0	18706.0	423758.0	79.9	86.2963850275888	85.25840404318801	13.703614972411202	79.91831193994967	100.0	0.0	1.8012358996977709	0.0
REF0009-mgg-pbdrep | M301595.lib1	50450480.0	0.0	50450480.0	1.0	25225240.0	25225240.0	42764971.0	42206940.0	7685509.0	37892284.0	50450480.0	0.0	872678.0	0.0	0.0	0.0	7535567448.0	3767826903.0	3767740545.0	6388592570.0	6388592570.0	0.0	0.0	44877042.0	0.007024558	149.0	149.0	149.0	150.0	150.0	150.0	39.1	285.1	105.8	20134184.0	411999.0	17085.0	540202.0	75.1	84.76623215477831	83.66013564192055	15.23376784522169	75.1078760796726	100.0	0.0	1.7297714511338644	0.0
REF0009-mgg-pbdrep | M301596.lib1	714720.0	0.0	714720.0	1.0	357360.0	357360.0	131373.0	129608.0	583347.0	117936.0	714720.0	0.0	2801.0	0.0	0.0	0.0	105230320.0	52613921.0	52616399.0	19609915.0	19609915.0	0.0	0.0	139476.0	0.007112524	147.0	147.0	147.0	150.0	150.0	150.0	39.0	281.6	103.2	61890.0	1402.0	53.0	1459.0	16.5	18.381044325050368	18.134094470561898	81.61895567494963	16.501007387508395	100.0	0.0	0.39190172375195875	0.0
REF0009-mgg-pbdrep | M301597.lib1	55045718.0	0.0	55045718.0	1.0	27522859.0	27522859.0	49012215.0	48590572.0	6033503.0	44018056.0	55045718.0	0.0	720220.0	0.0	0.0	0.0	8227990777.0	4114046782.0	4113943995.0	7327267413.0	7327267413.0	0.0	0.0	37631405.0	0.005135803	149.0	149.0	149.0	150.0	150.0	150.0	39.2	274.6	98.2	23242613.0	426976.0	22037.0	603660.0	80.0	89.03910563942503	88.27311871924351	10.960894360574967	79.96635814615044	100.0	0.0	1.3084033166757858	0.0
REF0009-mgg-pbdrep | M301598.lib1	51340570.0	0.0	51340570.0	1.0	25670285.0	25670285.0	43299734.0	42657698.0	8040836.0	36635344.0	51340570.0	0.0	938852.0	0.0	0.0	0.0	7677275053.0	3838694653.0	3838580400.0	6476028844.0	6476028844.0	0.0	0.0	47225067.0	0.007292288	150.0	150.0	150.0	150.0	150.0	150.0	39.1	300.7	114.3	20284483.0	306803.0	23033.0	714530.0	71.4	84.33824166735975	83.0876984809479	15.661758332640249	71.35749369358385	100.0	0.0	1.8286746719017728	0.0
REF0009-mgg-pbdrep | M301599.lib1	35862584.0	0.0	35862584.0	1.0	17931292.0	17931292.0	29636496.0	29270892.0	6226088.0	26811228.0	35862584.0	0.0	606903.0	0.0	0.0	0.0	5350984712.0	2675515590.0	2675469122.0	4423486227.0	4423486227.0	0.0	0.0	29809009.0	0.006738804	149.0	149.0	149.0	150.0	150.0	150.0	39.2	276.5	101.9	13993273.0	334150.0	11480.0	296543.0	74.8	82.63904240698328	81.6195843556616	17.36095759301672	74.76100439388304	100.0	0.0	1.6923013690257234	0.0
REF0009-mgg-pbdrep | M301600.lib1	1512598.0	0.0	1512598.0	1.0	756299.0	756299.0	7982.0	7626.0	1504616.0	6768.0	1512598.0	0.0	419.0	0.0	0.0	0.0	223277538.0	111637681.0	111639857.0	1189802.0	1189802.0	0.0	0.0	13159.0	0.01105982	148.0	148.0	148.0	150.0	150.0	150.0	39.0	281.6	107.2	3606.0	96.0	7.0	104.0	0.4	0.5277013456318203	0.5041656805046681	99.47229865436819	0.4474420830914757	100.0	0.0	0.027700684517631257	0.0
REF0009-mgg-pbdrep | M301601.lib1	2791142.0	0.0	2791142.0	1.0	1395571.0	1395571.0	19829.0	19050.0	2771313.0	17100.0	2791142.0	0.0	1191.0	0.0	0.0	0.0	411852881.0	205927722.0	205925159.0	2958208.0	2958208.0	0.0	0.0	34137.0	0.01153976	148.0	148.0	148.0	150.0	150.0	150.0	38.9	285.6	107.8	9046.0	234.0	13.0	232.0	0.6	0.7104260549982767	0.6825163320246695	99.28957394500172	0.6126524555182072	100.0	0.0	0.042670706112408474	0.0
REF0009-mgg-pbdrep | M301602.lib1	55215144.0	0.0	55215144.0	1.0	27607572.0	27607572.0	46966839.0	46358412.0	8248305.0	41393932.0	55215144.0	0.0	927319.0	0.0	0.0	0.0	8257483916.0	4128791019.0	4128692897.0	7024940969.0	7024940969.0	0.0	0.0	47431655.0	0.006751894	150.0	150.0	150.0	150.0	150.0	150.0	39.1	292.6	105.4	22212308.0	334297.0	18672.0	613929.0	75.0	85.06151681864671	83.959596302058	14.938483181353291	74.96843981788764	100.0	0.0	1.6794649670749748	0.0
REF0009-mgg-pbdrep | M301603.lib1	48199170.0	0.0	48199170.0	1.0	24099585.0	24099585.0	41420261.0	40892380.0	6778909.0	37426946.0	48199170.0	0.0	812243.0	0.0	0.0	0.0	7198710559.0	3599390672.0	3599319887.0	6186842273.0	6186842273.0	0.0	0.0	41783978.0	0.006753684	149.0	149.0	149.0	150.0	150.0	150.0	39.2	283.5	100.3	19562517.0	394783.0	13975.0	474915.0	77.7	85.93563125672081	84.84042360065537	14.064368743279191	77.6506026971004	100.0	0.0	1.6851804709500187	0.0
REF0009-mgg-pbdrep | M301604.lib1	52305178.0	0.0	52305178.0	1.0	26152589.0	26152589.0	44594270.0	44037078.0	7710908.0	40129962.0	52305178.0	0.0	898012.0	0.0	0.0	0.0	7804428985.0	3902256381.0	3902172604.0	6655169352.0	6655169352.0	0.0	0.0	45062761.0	0.006771091	149.0	149.0	149.0	150.0	150.0	150.0	39.1	280.5	103.0	21018275.0	495641.0	15276.0	489347.0	76.7	85.25784961481251	84.1925784097322	14.742150385187486	76.72273288124552	100.0	0.0	1.7168701729683438	0.0
REF0009-mgg-pbdrep | M301605.lib1	2905224.0	0.0	2905224.0	1.0	1452612.0	1452612.0	101535.0	99870.0	2803689.0	89990.0	2905224.0	0.0	2562.0	0.0	0.0	0.0	431219778.0	215609063.0	215610715.0	15147751.0	15147751.0	0.0	0.0	117378.0	0.007748873	148.0	148.0	148.0	150.0	150.0	150.0	38.9	280.6	106.8	47461.0	1226.0	57.0	1191.0	3.1	3.494911235760134	3.437600680704827	96.50508876423987	3.0975236332895504	100.0	0.0	0.08818597120222055	0.0
REF0009-mgg-pbdrep | M301606.lib1	47491194.0	0.0	47491194.0	1.0	23745597.0	23745597.0	40245393.0	39679006.0	7245801.0	34247476.0	47491194.0	0.0	828654.0	0.0	0.0	0.0	7102959809.0	3551516255.0	3551443554.0	6019985485.0	6019985485.0	0.0	0.0	42789733.0	0.007107946	150.0	150.0	150.0	150.0	150.0	150.0	39.0	297.3	113.3	18883835.0	283664.0	21635.0	650369.0	72.1	84.74285359092045	83.5502388084831	15.257146409079544	72.11331852385096	100.0	0.0	1.7448582151882726	0.0
REF0009-mgg-pbdrep | M301607.lib1	2100462.0	0.0	2100462.0	1.0	1050231.0	1050231.0	62400.0	61370.0	2038062.0	55676.0	2100462.0	0.0	1908.0	0.0	0.0	0.0	310509554.0	155253531.0	155256023.0	9320244.0	9320244.0	0.0	0.0	91896.0	0.009859827	148.0	148.0	148.0	150.0	150.0	150.0	38.9	284.4	103.2	29330.0	632.0	22.0	701.0	2.7	2.9707750009283673	2.921738169983556	97.02922499907163	2.6506549511488426	100.0	0.0	0.09083715868223277	0.0
REF0009-mgg-pbdrep | M301608.lib1	62833664.0	0.0	62833664.0	1.0	31416832.0	31416832.0	53790542.0	53108606.0	9043122.0	49038158.0	62833664.0	0.0	1101137.0	0.0	0.0	0.0	9387357316.0	4693721333.0	4693635983.0	8036894365.0	8036894365.0	0.0	0.0	54958868.0	0.006838322	149.0	149.0	149.0	150.0	150.0	150.0	39.2	278.0	98.5	25462539.0	525182.0	18260.0	548322.0	78.0	85.6078391354036	84.52253556310197	14.392160864596404	78.04440307666923	100.0	0.0	1.7524634565318362	0.0
REF0009-mgg-pbdrep | M301609.lib1	56115490.0	0.0	56115490.0	1.0	28057745.0	28057745.0	47955625.0	47337746.0	8159865.0	43921610.0	56115490.0	0.0	991031.0	0.0	0.0	0.0	8379284204.0	4189676793.0	4189607411.0	7161238356.0	7161238356.0	0.0	0.0	49982202.0	0.006979547	149.0	149.0	149.0	150.0	150.0	150.0	39.2	277.9	97.5	22693062.0	494455.0	16652.0	464704.0	78.3	85.4588011260349	84.35771655918892	14.541198873965103	78.27002847163948	100.0	0.0	1.7660560390722775	0.0
REF0009-mgg-pbdrep | M301610.lib1	3825638.0	0.0	3825638.0	1.0	1912819.0	1912819.0	75292.0	73850.0	3750346.0	66416.0	3825638.0	0.0	2553.0	0.0	0.0	0.0	551786702.0	275881572.0	275905130.0	11242192.0	11242192.0	0.0	0.0	93911.0	0.008353442	144.0	144.0	144.0	150.0	150.0	150.0	39.1	288.9	104.4	35173.0	744.0	28.0	980.0	1.7	1.968090028382194	1.9303969690807128	98.03190997161781	1.7360764400604554	100.0	0.0	0.06673396698798997	0.0
REF0009-mgg-pbdrep | M301611.lib1	1339754.0	0.0	1339754.0	1.0	669877.0	669877.0	29564.0	28984.0	1310190.0	25554.0	1339754.0	0.0	895.0	0.0	0.0	0.0	195452370.0	97724772.0	97727598.0	4411517.0	4411517.0	0.0	0.0	37401.0	0.008478036	146.0	146.0	146.0	150.0	150.0	150.0	38.9	291.3	110.5	13737.0	333.0	11.0	411.0	1.9	2.206673762496697	2.163382232857674	97.7933262375033	1.9073650834406912	100.0	0.0	0.06680330866711352	0.0
REF0009-mgg-pbdrep | M301612.lib1	7229318.0	0.0	7229318.0	1.0	3614659.0	3614659.0	108097.0	105944.0	7121221.0	94174.0	7229318.0	0.0	3798.0	0.0	0.0	0.0	1063480883.0	531733240.0	531747643.0	16133649.0	16133649.0	0.0	0.0	135972.0	0.008427852	147.0	147.0	147.0	150.0	150.0	150.0	39.1	289.1	109.2	50367.0	1181.0	45.0	1379.0	1.3	1.4952586122231724	1.465477103096032	98.50474138777683	1.3026678311840758	100.0	0.0	0.05253607601712914	0.0
REF0009-mgg-pbdrep | M301613.lib1	3390870.0	0.0	3390870.0	1.0	1695435.0	1695435.0	111325.0	109618.0	3279545.0	99414.0	3390870.0	0.0	2639.0	0.0	0.0	0.0	492401146.0	246188251.0	246212895.0	16613305.0	16613305.0	0.0	0.0	133398.0	0.008029588	145.0	145.0	145.0	150.0	150.0	150.0	38.9	282.6	104.0	52236.0	1237.0	38.0	1298.0	2.9	3.28308074329007	3.232739680377012	96.71691925670993	2.931813959249396	100.0	0.0	0.07782663446254207	0.0
REF0009-mgg-pbdrep | M301614.lib1	3710902.0	0.0	3710902.0	1.0	1855451.0	1855451.0	257592.0	253884.0	3453310.0	220344.0	3710902.0	0.0	5508.0	0.0	0.0	0.0	541458570.0	270720167.0	270738403.0	38514265.0	38514265.0	0.0	0.0	282511.0	0.00733523	146.0	146.0	146.0	150.0	150.0	150.0	38.9	298.8	110.7	120840.0	1895.0	95.0	4112.0	5.9	6.941492930829216	6.841571132840479	93.05850706917079	5.937747749738474	100.0	0.0	0.1484275251677355	0.0
REF0009-mgg-pbdrep | M301615.lib1	1122806.0	0.0	1122806.0	1.0	561403.0	561403.0	13931.0	13560.0	1108875.0	12008.0	1122806.0	0.0	511.0	0.0	0.0	0.0	166698452.0	83350458.0	83347994.0	2080602.0	2080602.0	0.0	0.0	18151.0	0.008723917	148.0	148.0	148.0	150.0	150.0	150.0	38.9	293.7	109.2	6450.0	127.0	3.0	200.0	1.1	1.2407308119122984	1.2076885944677886	98.7592691880877	1.069463469201269	100.0	0.0	0.045510978744324485	0.0
REF0009-mgg-pbdrep | M301616.lib1	4346248.0	0.0	4346248.0	1.0	2173124.0	2173124.0	77168.0	76116.0	4269080.0	67538.0	4346248.0	0.0	1591.0	0.0	0.0	0.0	613897794.0	306895280.0	307002514.0	11515300.0	11515300.0	0.0	0.0	83708.0	0.007269285	141.0	141.0	141.0	150.0	150.0	150.0	38.8	293.2	109.2	36084.0	851.0	30.0	1093.0	1.6	1.7755084385428535	1.751303653173956	98.22449156145716	1.5539380173427748	100.0	0.0	0.03660628661779079	0.0
REF0009-mgg-pbdrep | M301617.lib1	31082.0	0.0	31082.0	1.0	15541.0	15541.0	25924.0	25540.0	5158.0	22818.0	31082.0	0.0	545.0	0.0	0.0	0.0	4645048.0	2322459.0	2322589.0	3877729.0	3877729.0	0.0	0.0	30286.0	0.007810242	149.0	149.0	149.0	150.0	150.0	150.0	39.0	292.1	104.9	12199.0	195.0	17.0	359.0	73.4	83.40518628144908	82.16974454668296	16.59481371855093	73.4122643330545	100.0	0.0	1.7534264204362653	0.0
REF0009-mgg-pbdrep | M301618.lib1	55586000.0	0.0	55586000.0	1.0	27793000.0	27793000.0	47439870.0	46816646.0	8146130.0	42589918.0	55586000.0	0.0	980901.0	0.0	0.0	0.0	8314329063.0	4157210045.0	4157119018.0	7096546002.0	7096546002.0	0.0	0.0	49192620.0	0.00693191	150.0	150.0	150.0	150.0	150.0	150.0	39.1	288.9	101.0	22519030.0	335814.0	18148.0	535331.0	76.6	85.34499694167596	84.22380815313208	14.655003058324038	76.61986471413665	100.0	0.0	1.764654769186486	0.0
REF0009-mgg-pbdrep | M301619.lib1	1992812.0	0.0	1992812.0	1.0	996406.0	996406.0	216712.0	207886.0	1776100.0	176186.0	1992812.0	0.0	6529.0	0.0	0.0	0.0	292833807.0	146415543.0	146418264.0	32321523.0	32321523.0	0.0	0.0	294850.0	0.009122404	147.0	147.0	147.0	150.0	150.0	150.0	39.0	293.6	124.6	96618.0	2610.0	1677.0	3038.0	8.8	10.87468361290478	10.43179185994464	89.12531638709522	8.841074822913551	100.0	0.0	0.32762749321059886	0.0
REF0009-mgg-pbdrep | M301620.lib1	49863152.0	0.0	49863152.0	1.0	24931576.0	24931576.0	42245566.0	41695674.0	7617586.0	37207212.0	49863152.0	0.0	856248.0	0.0	0.0	0.0	7447786696.0	3723949211.0	3723837485.0	6310994940.0	6310994940.0	0.0	0.0	43932263.0	0.006961226	149.0	149.0	149.0	150.0	150.0	150.0	39.1	286.7	107.0	19862169.0	407754.0	15732.0	562182.0	74.6	84.72301550451525	83.62021317866147	15.276984495484763	74.61865226650734	100.0	0.0	1.717195896480832	0.0
REF0009-mgg-pbdrep | M301621.lib1	49519318.0	0.0	49519318.0	1.0	24759659.0	24759659.0	41601733.0	41104680.0	7917585.0	38400150.0	49519318.0	0.0	848768.0	0.0	0.0	0.0	7394340993.0	3697205520.0	3697135473.0	6212968990.0	6212968990.0	0.0	0.0	42306129.0	0.006809325	149.0	149.0	149.0	150.0	150.0	150.0	39.2	273.2	95.0	19716901.0	443940.0	10448.0	381051.0	77.5	84.01111865070516	83.00736290431139	15.988881349294834	77.54579737951964	100.0	0.0	1.7140139127118026	0.0
REF0009-mgg-pbdrep | M301622.lib1	55869154.0	0.0	55869154.0	1.0	27934577.0	27934577.0	47309432.0	46651200.0	8559722.0	40051430.0	55869154.0	0.0	940100.0	0.0	0.0	0.0	8362402573.0	4181253988.0	4181148585.0	7082229852.0	7082229852.0	0.0	0.0	48949497.0	0.006911594	150.0	150.0	150.0	150.0	150.0	150.0	39.1	305.4	110.5	22234621.0	246840.0	22450.0	821689.0	71.7	84.67898404189188	83.5008169266354	15.321015958108116	71.68791208114588	100.0	0.0	1.682681645761094	0.0
REF0009-mgg-pbdrep | M301623.lib1	6570266.0	0.0	6570266.0	1.0	3285133.0	3285133.0	232389.0	223600.0	6337877.0	200648.0	6570266.0	0.0	13707.0	0.0	0.0	0.0	978601893.0	489304907.0	489296986.0	34681968.0	34681968.0	0.0	0.0	348021.0	0.01003464	149.0	149.0	149.0	150.0	150.0	150.0	39.0	283.4	105.8	105884.0	2617.0	194.0	3105.0	3.1	3.5369800857377767	3.403210768026744	96.46301991426223	3.0538794015341235	100.0	0.0	0.20862169050689883	0.0
REF0009-mgg-pbdrep | M301624.lib1	20918670.0	0.0	20918670.0	1.0	10459335.0	10459335.0	15938715.0	15716018.0	4979955.0	14601584.0	20918670.0	0.0	322634.0	0.0	0.0	0.0	3119925773.0	1559973974.0	1559951799.0	2379643240.0	2379643240.0	0.0	0.0	16349385.0	0.00687052	149.0	149.0	149.0	150.0	150.0	150.0	39.1	274.4	99.1	7536752.0	182410.0	12510.0	126337.0	69.8	76.1937302897364	75.12914539977925	23.806269710263606	69.80168433270376	100.0	0.0	1.5423255876210102	0.0
REF0009-mgg-pbdrep | M301625.lib1	48654122.0	0.0	48654122.0	1.0	24327061.0	24327061.0	41397222.0	40848958.0	7256900.0	37062640.0	48654122.0	0.0	859182.0	0.0	0.0	0.0	7274136027.0	3637107045.0	3637028982.0	6189839425.0	6189839425.0	0.0	0.0	42710406.0	0.006900083	150.0	150.0	150.0	150.0	150.0	150.0	39.1	288.2	102.2	19595499.0	324535.0	15700.0	488745.0	76.2	85.08471697423704	83.95785664367759	14.915283025762957	76.17574519174347	100.0	0.0	1.765897656112261	0.0
REF0009-mgg-pbdrep | M301626.lib1	5754726.0	0.0	5754726.0	1.0	2877363.0	2877363.0	3198129.0	3150836.0	2556597.0	2957464.0	5754726.0	0.0	66093.0	0.0	0.0	0.0	856471305.0	428237040.0	428234265.0	477335517.0	477335517.0	0.0	0.0	3252443.0	0.006813746	149.0	149.0	149.0	150.0	150.0	150.0	39.1	268.7	96.8	1511897.0	40319.0	1927.0	21275.0	51.4	55.57395782179725	54.752146322865755	44.42604217820275	51.391916834963126	100.0	0.0	1.148499511531913	0.0
REF0009-mgg-pbdrep | M301627.lib1	48287934.0	0.0	48287934.0	1.0	24143967.0	24143967.0	39218371.0	38748996.0	9069563.0	36712424.0	48287934.0	0.0	832684.0	0.0	0.0	0.0	7196332150.0	3598193318.0	3598138832.0	5847206920.0	5847206920.0	0.0	0.0	39832016.0	0.006812144	149.0	149.0	149.0	150.0	150.0	150.0	39.2	268.1	92.9	18551044.0	539362.0	9133.0	274959.0	76.0	81.21774478899843	80.24571107142418	18.782255211001573	76.0281522916263	100.0	0.0	1.7244142190883545	0.0
REF0009-mgg-pbdrep | M301628.lib1	2098636.0	0.0	2098636.0	1.0	1049318.0	1049318.0	118032.0	116052.0	1980604.0	100448.0	2098636.0	0.0	3106.0	0.0	0.0	0.0	307593369.0	153795456.0	153797913.0	17648255.0	17648255.0	0.0	0.0	137671.0	0.007800827	147.0	147.0	147.0	150.0	150.0	150.0	39.0	295.4	112.1	55120.0	902.0	55.0	1949.0	4.8	5.624224496291877	5.529877501386615	94.37577550370813	4.786346941537265	100.0	0.0	0.14800089200795183	0.0
REF0009-mgg-pbdrep | M301629.lib1	58604742.0	0.0	58604742.0	1.0	29302371.0	29302371.0	49794949.0	49151964.0	8809793.0	44105946.0	58604742.0	0.0	1015556.0	0.0	0.0	0.0	8758614303.0	4379346695.0	4379267608.0	7443000946.0	7443000946.0	0.0	0.0	51654272.0	0.006939979	149.0	149.0	149.0	150.0	150.0	150.0	39.1	287.4	104.6	23492626.0	420780.0	18916.0	643660.0	75.3	84.9674400068172	83.87028476296338	15.032559993182804	75.26002929933554	100.0	0.0	1.7328904886229173	0.0
REF0009-mgg-pbdrep | M301630.lib1	2732118.0	0.0	2732118.0	1.0	1366059.0	1366059.0	102474.0	100364.0	2629644.0	87744.0	2732118.0	0.0	2891.0	0.0	0.0	0.0	405155240.0	202577040.0	202578200.0	15310661.0	15310661.0	0.0	0.0	119605.0	0.007811877	148.0	148.0	148.0	150.0	150.0	150.0	38.9	293.5	111.6	47645.0	937.0	59.0	1541.0	3.2	3.750716477106772	3.6734870163001747	96.24928352289322	3.211574317068296	100.0	0.0	0.1058153417970966	0.0
REF0009-mgg-pbdrep | M301631.lib1	43769670.0	0.0	43769670.0	1.0	21884835.0	21884835.0	37523671.0	37079982.0	6245999.0	33855958.0	43769670.0	0.0	731898.0	0.0	0.0	0.0	6526050784.0	3263056213.0	3262994571.0	5595557405.0	5595557405.0	0.0	0.0	37157922.0	0.006640611	149.0	149.0	149.0	150.0	150.0	150.0	39.1	275.4	103.2	17632540.0	492744.0	12598.0	402109.0	77.4	85.72984671805843	84.71615618760663	14.270153281941584	77.35027017567188	100.0	0.0	1.6721579120884393	0.0
REF0009-mgg-pbdrep | M301632.lib1	44621130.0	0.0	44621130.0	1.0	22310565.0	22310565.0	38230978.0	37754290.0	6390152.0	34385960.0	44621130.0	0.0	773169.0	0.0	0.0	0.0	6666237316.0	3333156072.0	3333081244.0	5712133328.0	5712133328.0	0.0	0.0	39483802.0	0.006912269	149.0	149.0	149.0	150.0	150.0	150.0	39.1	281.2	102.3	18063442.0	370787.0	13069.0	429847.0	77.1	85.67908970481025	84.61078865550917	14.320910295189746	77.062055577705	100.0	0.0	1.7327418646726336	0.0
REF0009-mgg-pbdrep | M301633.lib1	5855544.0	0.0	5855544.0	1.0	2927772.0	2927772.0	3472301.0	2944040.0	2383243.0	2269444.0	5855544.0	0.0	211290.0	0.0	0.0	0.0	873140803.0	436574087.0	436566716.0	519360605.0	519360605.0	0.0	0.0	9401471.0	0.01810201	149.0	149.0	149.0	150.0	150.0	150.0	39.0	289.0	111.6	1231351.0	23459.0	141445.0	75765.0	38.8	59.299375087950835	50.27782218014244	40.70062491204916	38.75718464415945	100.0	0.0	3.6083752423344437	0.0
REF0009-mgg-pbdrep | M301634.lib1	59337450.0	0.0	59337450.0	1.0	29668725.0	29668725.0	50780298.0	50107908.0	8557152.0	44073608.0	59337450.0	0.0	983447.0	0.0	0.0	0.0	8877354630.0	4438743575.0	4438611055.0	7598210183.0	7598210183.0	0.0	0.0	51718378.0	0.006806653	150.0	150.0	150.0	150.0	150.0	150.0	39.1	298.8	106.9	23969460.0	302314.0	19834.0	762346.0	74.3	85.5788342775094	84.44567132561308	14.421165722490603	74.27620836419496	100.0	0.0	1.657379951447189	0.0
REF0009-mgg-pbdrep | M301635.lib1	2608848.0	0.0	2608848.0	1.0	1304424.0	1304424.0	221614.0	217834.0	2387234.0	191754.0	2608848.0	0.0	5505.0	0.0	0.0	0.0	385060399.0	192527410.0	192532989.0	33095990.0	33095990.0	0.0	0.0	246926.0	0.007460904	148.0	148.0	148.0	150.0	150.0	150.0	39.0	291.4	110.2	103424.0	2189.0	140.0	3164.0	7.4	8.494707242430376	8.349815704096214	91.50529275756962	7.350140751780096	100.0	0.0	0.2110126768596714	0.0
REF0009-mgg-pbdrep | M301636.lib1	79365282.0	0.0	79365282.0	1.0	39682641.0	39682641.0	67314398.0	66368380.0	12050884.0	57340418.0	79365282.0	0.0	1425956.0	0.0	0.0	0.0	11868980227.0	5934577333.0	5934402894.0	10068469592.0	10068469592.0	0.0	0.0	72620560.0	0.007212671	150.0	150.0	150.0	150.0	150.0	150.0	39.1	298.2	112.8	31558358.0	475903.0	34388.0	1115541.0	72.2	84.81592492798046	83.62394529134288	15.184075072019526	72.24874221451138	100.0	0.0	1.7966999726656299	0.0
REF0009-mgg-pbdrep | M301637.lib1	1276184.0	0.0	1276184.0	1.0	638092.0	638092.0	134641.0	132628.0	1141543.0	118634.0	1276184.0	0.0	3073.0	0.0	0.0	0.0	189187808.0	94595201.0	94592607.0	20133711.0	20133711.0	0.0	0.0	142368.0	0.007071125	148.0	148.0	148.0	150.0	150.0	150.0	39.0	289.1	106.0	63527.0	1036.0	47.0	1704.0	9.3	10.550281150680465	10.39254527560289	89.44971884931954	9.295994934899669	100.0	0.0	0.24079599806924395	0.0
REF0009-mgg-pbdrep | M301638.lib1	49676332.0	0.0	49676332.0	1.0	24838166.0	24838166.0	41728079.0	41178282.0	7948253.0	35508504.0	49676332.0	0.0	797055.0	0.0	0.0	0.0	7425846923.0	3712977767.0	3712869156.0	6239559923.0	6239559923.0	0.0	0.0	42770715.0	0.006854765	149.0	149.0	149.0	150.0	150.0	150.0	39.0	299.6	113.4	19582308.0	319218.0	19964.0	667651.0	71.5	83.99991972032073	82.89316127446769	16.000080279679267	71.47972197303135	100.0	0.0	1.6044964833554942	0.0
REF0009-mgg-pbdrep | M301639.lib1	50454902.0	0.0	50454902.0	1.0	25227451.0	25227451.0	41466082.0	40926478.0	8988820.0	36230472.0	50454902.0	0.0	866774.0	0.0	0.0	0.0	7538517717.0	3769292383.0	3769225334.0	6197519344.0	6197519344.0	0.0	0.0	43951428.0	0.007091777	149.0	149.0	149.0	150.0	150.0	150.0	39.1	293.2	107.9	19530051.0	348649.0	15397.0	569142.0	71.8	82.18444661729795	81.114968769536	17.81555338270204	71.80763526208018	100.0	0.0	1.7179183104943894	0.0
REF0009-mgg-pbdrep | M301640.lib1	43944340.0	0.0	43944340.0	1.0	21972170.0	21972170.0	37517080.0	37031388.0	6427260.0	32837270.0	43944340.0	0.0	748120.0	0.0	0.0	0.0	6568640349.0	3284357257.0	3284283092.0	5608916895.0	5608916895.0	0.0	0.0	39595094.0	0.007059312	149.0	149.0	149.0	150.0	150.0	150.0	39.1	294.0	106.0	17724429.0	272463.0	14275.0	504527.0	74.7	85.3740891318427	84.26884554415881	14.62591086815731	74.72468581846945	100.0	0.0	1.7024262965378476	0.0
REF0009-mgg-pbdrep | M301641.lib1	57387434.0	0.0	57387434.0	1.0	28693717.0	28693717.0	49011378.0	48360812.0	8376056.0	42466346.0	57387434.0	0.0	996752.0	0.0	0.0	0.0	8577209443.0	4288653267.0	4288556176.0	7326526553.0	7326526553.0	0.0	0.0	51721951.0	0.007059546	149.0	149.0	149.0	150.0	150.0	150.0	39.1	294.9	110.1	23043794.0	405116.0	22493.0	709003.0	74.0	85.40437267155036	84.27073425168304	14.59562732844964	73.99938111887003	100.0	0.0	1.7368819801212927	0.0
REF0009-mgg-pbdrep | M301642.lib1	49659742.0	0.0	49659742.0	1.0	24829871.0	24829871.0	41978191.0	41443638.0	7681551.0	37526892.0	49659742.0	0.0	860759.0	0.0	0.0	0.0	7420814790.0	3710448079.0	3710366711.0	6274235299.0	6274235299.0	0.0	0.0	43710783.0	0.006966711	149.0	149.0	149.0	150.0	150.0	150.0	39.1	286.0	103.3	19836185.0	374411.0	15847.0	495376.0	75.6	84.53163328959702	83.45520200245905	15.468366710402966	75.56803657981148	100.0	0.0	1.7333134755311457	0.0
REF0009-mgg-pbdrep | M301643.lib1	49760728.0	0.0	49760728.0	1.0	24880364.0	24880364.0	42256597.0	41678686.0	7504131.0	36323886.0	49760728.0	0.0	867940.0	0.0	0.0	0.0	7432761919.0	3716413511.0	3716348408.0	6313192765.0	6313192765.0	0.0	0.0	43762046.0	0.006931841	149.0	149.0	149.0	150.0	150.0	150.0	39.1	295.0	112.8	19823517.0	368880.0	22428.0	624518.0	73.0	84.91957151430742	83.75819180137397	15.080428485692574	72.99709521934646	100.0	0.0	1.744226893143525	0.0
REF0009-mgg-pbdrep | M301644.lib1	794724.0	0.0	794724.0	1.0	397362.0	397362.0	50890.0	49476.0	743834.0	45420.0	794724.0	0.0	1827.0	0.0	0.0	0.0	117452131.0	58725602.0	58726529.0	7591647.0	7591647.0	0.0	0.0	67082.0	0.008836291	148.0	148.0	148.0	150.0	150.0	150.0	39.0	274.8	101.5	23545.0	573.0	120.0	500.0	5.7	6.403480956910827	6.225557552055808	93.59651904308917	5.715191689190209	100.0	0.0	0.22989113201564315	0.0
REF0009-mgg-pbdrep | M301645.lib1	53366388.0	0.0	53366388.0	1.0	26683194.0	26683194.0	45753178.0	45170770.0	7613210.0	40583188.0	53366388.0	0.0	922210.0	0.0	0.0	0.0	7981381275.0	3990741976.0	3990639299.0	6843541693.0	6843541693.0	0.0	0.0	46337638.0	0.006771003	150.0	150.0	150.0	150.0	150.0	150.0	39.1	287.6	104.5	21664180.0	340122.0	18517.0	562566.0	76.0	85.73407291495914	84.64273429934963	14.26592708504087	76.04634587598471	100.0	0.0	1.7280727337214579	0.0
REF0009-mgg-pbdrep | M301646.lib1	54206678.0	0.0	54206678.0	1.0	27103339.0	27103339.0	45604067.0	44960050.0	8602611.0	38761978.0	54206678.0	0.0	974097.0	0.0	0.0	0.0	8105253632.0	4052677849.0	4052575783.0	6820673630.0	6820673630.0	0.0	0.0	52434208.0	0.007687541	150.0	150.0	150.0	150.0	150.0	150.0	39.0	297.1	113.1	21376468.0	334957.0	21827.0	746773.0	71.5	84.12997933575637	82.94190247186887	15.87002066424362	71.5077540815174	100.0	0.0	1.7970055276215229	0.0
REF0009-mgg-pbdrep | M301647.lib1	51846698.0	0.0	51846698.0	1.0	25923349.0	25923349.0	44088949.0	43546128.0	7757749.0	39496958.0	51846698.0	0.0	865165.0	0.0	0.0	0.0	7751334655.0	3875708569.0	3875626086.0	6592512335.0	6592512335.0	0.0	0.0	43494825.0	0.00659761	150.0	150.0	150.0	150.0	150.0	150.0	39.1	286.4	102.6	20918463.0	344267.0	15427.0	494907.0	76.2	85.0371396843826	83.99016654831132	14.962860315617398	76.18027670730352	100.0	0.0	1.6686983614655653	0.0
REF0009-mgg-pbdrep | M301648.lib1	42349266.0	0.0	42349266.0	1.0	21174633.0	21174633.0	36380015.0	35915534.0	5969251.0	32771670.0	42349266.0	0.0	735781.0	0.0	0.0	0.0	6323957815.0	3162005998.0	3161951817.0	5432905333.0	5432905333.0	0.0	0.0	36801610.0	0.006773836	149.0	149.0	149.0	150.0	150.0	150.0	39.1	281.7	100.9	17130032.0	361612.0	11194.0	454929.0	77.4	85.90471202027445	84.80792559663254	14.095287979725551	77.38426918662533	100.0	0.0	1.7374114583237406	0.0
REF0009-mgg-pbdrep | M301649.lib1	4412280.0	0.0	4412280.0	1.0	2206140.0	2206140.0	40950.0	39750.0	4371330.0	35490.0	4412280.0	0.0	2034.0	0.0	0.0	0.0	651317308.0	325657740.0	325659568.0	6107804.0	6107804.0	0.0	0.0	70680.0	0.01157208	148.0	148.0	148.0	150.0	150.0	150.0	39.0	286.0	107.9	18820.0	500.0	25.0	530.0	0.8	0.9280915989012484	0.9008947754902228	99.07190840109875	0.8043460523810818	100.0	0.0	0.04609861568168838	0.0
REF0009-mgg-pbdrep | M301650.lib1	334304.0	0.0	334304.0	1.0	167152.0	167152.0	63900.0	62982.0	270404.0	54896.0	334304.0	0.0	1359.0	0.0	0.0	0.0	49529457.0	24764921.0	24764536.0	9554902.0	9554902.0	0.0	0.0	68974.0	0.007218703	148.0	148.0	148.0	150.0	150.0	150.0	39.0	298.3	109.9	29978.0	477.0	33.0	1003.0	16.4	19.11433904470183	18.83973868096104	80.88566095529816	16.420982100124437	100.0	0.0	0.4065162247535178	0.0
REF0009-mgg-pbdrep | M301651.lib1	926550.0	0.0	926550.0	1.0	463275.0	463275.0	40897.0	40018.0	885653.0	34338.0	926550.0	0.0	1047.0	0.0	0.0	0.0	136800610.0	68400306.0	68400304.0	6106385.0	6106385.0	0.0	0.0	50761.0	0.008312774	148.0	148.0	148.0	150.0	150.0	150.0	38.8	304.3	115.9	18888.0	397.0	32.0	692.0	3.7	4.413901030705305	4.319032971777022	95.5860989692947	3.7060061518536505	100.0	0.0	0.11299983810911446	0.0
REF0009-mgg-pbdrep | M301652.lib1	418544.0	0.0	418544.0	1.0	209272.0	209272.0	6029.0	5888.0	412515.0	5302.0	418544.0	0.0	201.0	0.0	0.0	0.0	60999209.0	30499127.0	30500082.0	899130.0	899130.0	0.0	0.0	8062.0	0.008966445	146.0	146.0	146.0	150.0	150.0	150.0	39.0	283.4	107.2	2757.0	89.0	3.0	95.0	1.3	1.4404698191826906	1.4067816048014068	98.55953018081732	1.2667724301387668	100.0	0.0	0.048023624756298025	0.0
REF0009-mgg-pbdrep | M301653.lib1	439970.0	0.0	439970.0	1.0	219985.0	219985.0	6082.0	5930.0	433888.0	5504.0	439970.0	0.0	223.0	0.0	0.0	0.0	65184355.0	32591718.0	32592637.0	908583.0	908583.0	0.0	0.0	7499.0	0.008253511	148.0	148.0	148.0	150.0	150.0	150.0	39.0	275.1	96.1	2833.0	67.0	1.0	64.0	1.3	1.3823669795667886	1.3478191694888288	98.61763302043322	1.2509943859808623	100.0	0.0	0.050685273995954266	0.0
REF0009-mgg-pbdrep | M301654.lib1	353290.0	0.0	353290.0	1.0	176645.0	176645.0	4013.0	3710.0	349277.0	3280.0	353290.0	0.0	246.0	0.0	0.0	0.0	52173642.0	26086727.0	26086915.0	599039.0	599039.0	0.0	0.0	8169.0	0.01363684	148.0	148.0	148.0	150.0	150.0	150.0	38.9	290.8	106.3	1752.0	37.0	1.0	65.0	0.9	1.1358940247388831	1.0501287893798295	98.86410597526111	0.9284157491013049	100.0	0.0	0.06963118118259787	0.0
REF0009-mgg-pbdrep | M301655.lib1	341558.0	0.0	341558.0	1.0	170779.0	170779.0	7700.0	7518.0	333858.0	6744.0	341558.0	0.0	231.0	0.0	0.0	0.0	50431130.0	25215305.0	25215825.0	1149751.0	1149751.0	0.0	0.0	12527.0	0.0108954	148.0	148.0	148.0	150.0	150.0	150.0	38.9	276.4	102.1	3583.0	72.0	1.0	103.0	2.0	2.2543755379759807	2.2010902979874576	97.74562446202401	1.9744816400142875	100.0	0.0	0.06763126613927943	0.0
REF0009-mgg-pbdrep | M301656.lib1	309162.0	0.0	309162.0	1.0	154581.0	154581.0	4692.0	4602.0	304470.0	4186.0	309162.0	0.0	167.0	0.0	0.0	0.0	44847096.0	22422573.0	22424523.0	698667.0	698667.0	0.0	0.0	7188.0	0.01028816	145.0	145.0	145.0	150.0	150.0	150.0	39.0	274.1	104.1	2191.0	60.0	2.0	48.0	1.4	1.5176509402837348	1.4885399887437654	98.48234905971627	1.353982701625685	100.0	0.0	0.05401698785749866	0.0
REF0009-mgg-pbdrep | M301657.lib1	1042690.0	0.0	1042690.0	1.0	521345.0	521345.0	11448.0	11146.0	1031242.0	9974.0	1042690.0	0.0	518.0	0.0	0.0	0.0	153669753.0	76835342.0	76834411.0	1706820.0	1706820.0	0.0	0.0	17297.0	0.01013405	147.0	147.0	147.0	150.0	150.0	150.0	39.0	283.5	108.4	5268.0	152.0	6.0	147.0	1.0	1.097929394163174	1.068965847950973	98.90207060583683	0.9565642712599142	100.0	0.0	0.04967919515867612	0.0
REF0009-mgg-pbdrep | M301658.lib1	276234.0	0.0	276234.0	1.0	138117.0	138117.0	7580.0	7414.0	268654.0	6554.0	276234.0	0.0	221.0	0.0	0.0	0.0	39755662.0	19876654.0	19879008.0	1131791.0	1131791.0	0.0	0.0	9839.0	0.008693301	144.0	144.0	144.0	150.0	150.0	150.0	39.1	285.5	107.3	3502.0	79.0	5.0	121.0	2.4	2.7440503341369995	2.683956355843234	97.255949665863	2.372626106851438	100.0	0.0	0.08000463375254313	0.0
REF0009-mgg-pbdrep | M301659.lib1	348838.0	0.0	348838.0	1.0	174419.0	174419.0	19838.0	19504.0	329000.0	17356.0	348838.0	0.0	519.0	0.0	0.0	0.0	50718628.0	25358894.0	25359734.0	2962338.0	2962338.0	0.0	0.0	22562.0	0.007616282	145.0	145.0	145.0	150.0	150.0	150.0	38.9	289.5	107.3	9281.0	196.0	10.0	265.0	5.0	5.686880443070995	5.591133993429615	94.31311955692901	4.975375389149118	100.0	0.0	0.14877966276609772	0.0
REF0009-mgg-pbdrep | M301660.lib1	357934.0	0.0	357934.0	1.0	178967.0	178967.0	8161.0	8016.0	349773.0	7250.0	357934.0	0.0	251.0	0.0	0.0	0.0	51502506.0	25749811.0	25752695.0	1218275.0	1218275.0	0.0	0.0	10669.0	0.008757465	144.0	144.0	144.0	150.0	150.0	150.0	39.0	288.6	107.6	3832.0	82.0	3.0	91.0	2.0	2.280029279140847	2.239519017472495	97.71997072085915	2.0255130834176134	100.0	0.0	0.07012465985349253	0.0
REF0009-mgg-pbdrep | M301661.lib1	391254.0	0.0	391254.0	1.0	195627.0	195627.0	10739.0	10558.0	380515.0	9418.0	391254.0	0.0	291.0	0.0	0.0	0.0	57895705.0	28947726.0	28947979.0	1602439.0	1602439.0	0.0	0.0	14222.0	0.008875221	148.0	148.0	148.0	150.0	150.0	150.0	38.9	283.0	105.6	5027.0	118.0	4.0	130.0	2.4	2.7447642707806184	2.6985027629110503	97.25523572921938	2.4071319398651516	100.0	0.0	0.07437623640908464	0.0
REF0009-mgg-pbdrep | M301663.lib1	230256.0	0.0	230256.0	1.0	115128.0	115128.0	6566.0	6464.0	223690.0	5748.0	230256.0	0.0	175.0	0.0	0.0	0.0	33958497.0	16979161.0	16979336.0	980140.0	980140.0	0.0	0.0	7909.0	0.008069255	147.0	147.0	147.0	150.0	150.0	150.0	39.0	290.1	113.6	3064.0	79.0	2.0	87.0	2.5	2.851608644291571	2.807310124383295	97.14839135570843	2.496351886595789	100.0	0.0	0.07600236258772844	0.0
REF0009-mgg-pbdrep | M301664.lib1	1164178.0	0.0	1164178.0	1.0	582089.0	582089.0	6610.0	6396.0	1157568.0	5766.0	1164178.0	0.0	319.0	0.0	0.0	0.0	171069037.0	85532786.0	85536251.0	986491.0	986491.0	0.0	0.0	9800.0	0.009934201	147.0	147.0	147.0	150.0	150.0	150.0	39.1	288.9	109.4	3061.0	67.0	1.0	69.0	0.5	0.5677825899475853	0.5494005212261355	99.43221741005242	0.4952850852704655	100.0	0.0	0.027401308047394813	0.0
